12 [0,0] [0,468] [58,468] [58,521] [547,521] [547,487] [602,487] [602,-105] [238,-105] [238,-160] [110,-160] [110,0]//obvod
4 [110,-2.5] [110,150] [107.5,150] [107.5,-2.5] //1
4 [110,152.5] [110,305] [107.5,305] [107.5,152.5] //4
4 [602,338] [392,338] [392,335.5] [602,335.5] //5
4 [392,338] [392,392] [394.5,392] [394.5,338] //6
4 [447,335.5] [449.5,335.5] [449.5,180.5] [447,180.5] //7
4 [437,-105] [437,50] [434.5,50] [434.5,-105] //8
4 [268,280.5] [268,335.5] [265.5,335.5] [265.5,280.5] //9
4 [268,338] [268,335.5] [213,335.5] [213,338] //10
4 [213,335.5] [213,280.5] [215.5,280.5] [215.5,335.5] //11


